N,6,6,abc,64
F,0,C:\AIE\Tool Application Assessment\Tool Application Assessment\Tool Application Assessment\bin\Debug\img\tiles.png,400,400,5,6,0
T,400,400,0,0,0,0
T,400,400,400,0,1,0
T,400,400,800,0,2,0
T,400,400,1200,0,3,0
T,400,400,1600,0,4,0
T,400,400,2000,0,5,0
T,400,400,0,400,6,0
T,400,400,400,400,7,0
T,400,400,800,400,8,0
T,400,400,1200,400,9,0
T,400,400,1600,400,10,0
T,400,400,2000,400,11,0
T,400,400,0,800,12,0
T,400,400,400,800,13,0
T,400,400,800,800,14,0
T,400,400,1200,800,15,0
T,400,400,1600,800,16,0
T,400,400,2000,800,17,0
T,400,400,0,1200,18,0
T,400,400,400,1200,19,0
T,400,400,800,1200,20,0
T,400,400,1200,1200,21,0
T,400,400,1600,1200,22,0
T,400,400,2000,1200,23,0
T,400,400,0,1600,24,0
T,400,400,400,1600,25,0
T,400,400,800,1600,26,0
T,400,400,1200,1600,27,0
T,400,400,1600,1600,28,0
T,400,400,2000,1600,29,0
M,64,64,0,0
M,64,64,1,0
M,64,64,2,0
M,64,64,3,4
M,64,64,4,4
M,64,64,5,0
M,64,64,6,4
M,64,64,7,4
M,64,64,8,4
M,64,64,9,28
M,64,64,10,4
M,64,64,11,0
M,64,64,12,4
M,64,64,13,28
M,64,64,14,28
M,64,64,15,28
M,64,64,16,4
M,64,64,17,4
M,64,64,18,4
M,64,64,19,4
M,64,64,20,28
M,64,64,21,28
M,64,64,22,28
M,64,64,23,4
M,64,64,24,0
M,64,64,25,4
M,64,64,26,28
M,64,64,27,4
M,64,64,28,4
M,64,64,29,4
M,64,64,30,0
M,64,64,31,4
M,64,64,32,4
M,64,64,33,4
M,64,64,34,0
M,64,64,35,0
